4.8e-05 3.4e-05 4.1e-05 7.8e-05 0.000133 
3.3e-05 7.9e-05 9.2e-05 0.000152 0.000122 
3.5e-05 5e-05 0.000126 0.000108 0.000225 
2.9e-05 5.7e-05 7.9e-05 4.5e-05 0.000106 
3.3e-05 5.8e-05 4.9e-05 9.7e-05 8.4e-05 
2.9e-05 4.7e-05 4.3e-05 3e-05 0.000138 
6.8e-05 3.7e-05 3.8e-05 7.8e-05 0.000165 
3.4e-05 4.8e-05 6.4e-05 0.000175 0.000115 
4.1e-05 3e-05 8.7e-05 5.3e-05 0.000102 
0.000121 3.8e-05 5.6e-05 7.1e-05 8.8e-05 
3.2e-05 6.6e-05 9.3e-05 6e-05 4e-05 
3.4e-05 6.4e-05 0.000121 4.1e-05 0.00011 
2.1e-05 6.9e-05 7.3e-05 9.8e-05 8.6e-05 
3.4e-05 4.6e-05 4.8e-05 6.2e-05 0.000137 
2.3e-05 5.2e-05 7.1e-05 9.5e-05 0.000148 
3.9e-05 5.2e-05 5.7e-05 0.000122 0.000175 
4.8e-05 3.7e-05 3.6e-05 2.4e-05 0.000185 
4.7e-05 3.9e-05 0.000107 9.5e-05 0.000151 
4.9e-05 4.8e-05 7.7e-05 7.2e-05 9.3e-05 
3.4e-05 4.5e-05 5.5e-05 9.9e-05 0.000234 
3.3e-05 1.6e-05 3.2e-05 1.7e-05 6.9e-05 
2.3e-05 5e-05 5.8e-05 9e-05 0.000138 
5.3e-05 2.6e-05 0.000105 7.9e-05 0.000142 
4.9e-05 5.6e-05 4.5e-05 4.5e-05 8e-05 
2e-05 5.8e-05 2e-05 6.4e-05 9.9e-05 
4e-05 2.7e-05 7.7e-05 8.8e-05 0.000106 
9.7e-05 0.000122 3.4e-05 8.3e-05 0.000131 
6.7e-05 3e-05 8.4e-05 0.000108 5.5e-05 
4.4e-05 9.4e-05 4.7e-05 0.0001 6.9e-05 
2.2e-05 3e-05 0.000108 6.3e-05 8.1e-05 
5.8e-05 6.9e-05 3.9e-05 9.1e-05 9.8e-05 
3.8e-05 4.1e-05 0.00013 0.000103 9.3e-05 
2.5e-05 4.2e-05 3e-05 0.000221 0.000124 
4.5e-05 8.4e-05 5.2e-05 0.000163 9.9e-05 
5.6e-05 8.1e-05 6.9e-05 0.000266 0.000202 
2.8e-05 6.1e-05 4.8e-05 4.3e-05 0.00015 
5.4e-05 7.5e-05 7.6e-05 8.6e-05 0.000162 
5.3e-05 5.4e-05 5.4e-05 0.00013 9.7e-05 
3.9e-05 4.1e-05 3.8e-05 5.5e-05 0.000128 
5.3e-05 6.5e-05 4.9e-05 5.6e-05 0.000138 
4.2e-05 8.5e-05 9.6e-05 0.000106 4.7e-05 
4.9e-05 0.00011 0.000123 0.000145 0.000129 
4.5e-05 7.8e-05 6.6e-05 5.2e-05 0.000101 
3.6e-05 4e-05 8.1e-05 9.9e-05 4.5e-05 
7.6e-05 5.4e-05 8.8e-05 5.8e-05 0.00017 
3.3e-05 6.5e-05 6.9e-05 8.2e-05 8.4e-05 
4.2e-05 6.5e-05 0.000139 0.000133 0.000114 
8.4e-05 6.2e-05 5.8e-05 0.000149 0.000158 
2.9e-05 2.9e-05 5e-05 6.1e-05 0.000169 
3.7e-05 5.6e-05 5.4e-05 0.000148 4.6e-05 
2.9e-05 5.6e-05 6.9e-05 3.9e-05 0.000104 
2.2e-05 0.000268 0.000136 3.1e-05 9e-05 
3.9e-05 4.7e-05 7.7e-05 0.000113 9.8e-05 
2.9e-05 6.5e-05 9.1e-05 0.00011 7.4e-05 
4.7e-05 3.6e-05 0.000104 0.000117 0.000128 
5.4e-05 0.000127 6.6e-05 6.6e-05 0.000144 
2.8e-05 0.000205 0.000113 0.000167 0.000198 
3.5e-05 3.7e-05 8.6e-05 8.9e-05 4e-05 
4e-05 2.5e-05 9.4e-05 7.3e-05 0.000119 
3.7e-05 7e-05 6.8e-05 2.4e-05 0.000166 
4.1e-05 5e-05 2.4e-05 5.4e-05 0.000134 
6.8e-05 0.000228 0.000168 0.000119 0.00016 
4e-05 6.2e-05 9.8e-05 0.000186 0.000125 
0.000103 9.6e-05 2.3e-05 0.000121 7.9e-05 
2.6e-05 3.5e-05 7.6e-05 9.5e-05 8.8e-05 
4.5e-05 2.7e-05 0.000119 0.000129 6.4e-05 
3.6e-05 3.6e-05 4e-05 0.000232 4.8e-05 
3.2e-05 5.1e-05 7.5e-05 8.3e-05 9.2e-05 
3.4e-05 4.3e-05 6.1e-05 3.5e-05 0.000203 
3.8e-05 6.1e-05 5.8e-05 0.000248 0.000234 
0.000221 7e-05 0.00016 7.9e-05 0.00012 
2.7e-05 9.6e-05 4.6e-05 9.7e-05 0.000109 
7.1e-05 5.1e-05 8.1e-05 8.1e-05 0.000129 
3.2e-05 6.2e-05 8e-05 5.8e-05 6.1e-05 
2.4e-05 0.000172 9.7e-05 7.5e-05 9.8e-05 
4e-05 3.5e-05 6.4e-05 6.1e-05 0.000117 
2.8e-05 7.5e-05 5.8e-05 3.2e-05 8.9e-05 
2.9e-05 2.6e-05 7.9e-05 7.3e-05 2.8e-05 
3.6e-05 5.7e-05 9.3e-05 0.000112 0.000136 
5.2e-05 6.2e-05 5.9e-05 0.000147 0.000135 
3.3e-05 7.3e-05 0.000125 0.000162 0.00013 
3.2e-05 8.3e-05 7.4e-05 0.0001 0.000133 
3.7e-05 7.1e-05 7.2e-05 7.2e-05 6.8e-05 
4.7e-05 5e-05 7.4e-05 0.000114 0.00017 
4e-05 3.1e-05 6.7e-05 5.2e-05 8.2e-05 
3.8e-05 5e-05 8.3e-05 0.000139 6e-05 
5.8e-05 3.7e-05 0.000111 0.000133 0.000129 
4.7e-05 5.1e-05 5.9e-05 7.3e-05 8.2e-05 
3.4e-05 3.6e-05 7.3e-05 9.5e-05 0.000129 
1.3e-05 7.4e-05 0.000168 9.1e-05 0.000138 
3e-05 4.9e-05 6.7e-05 9.5e-05 5.6e-05 
3.9e-05 4.4e-05 5e-05 7.1e-05 0.000103 
5.5e-05 0.000103 0.000111 0.000145 0.000147 
4.6e-05 6.9e-05 0.000106 9.7e-05 0.000161 
3.8e-05 0.000104 0.000122 0.000136 0.000168 
2.9e-05 4.8e-05 7.7e-05 9.8e-05 4.6e-05 
0.000106 9.5e-05 9.1e-05 9.7e-05 0.000276 
3.9e-05 3.1e-05 0.000111 0.000115 0.000117 
4.8e-05 7.2e-05 4.5e-05 8.2e-05 0.000105 
4.7e-05 4.9e-05 3.7e-05 0.00011 5.1e-05