0.005883 0.007714 0.009966 0.010473 0.019321 
0.007961 0.006624 0.01005 0.016626 0.009143 
0.006314 0.011589 0.007168 0.008226 0.01376 
0.006171 0.006165 0.00735 0.010991 0.013455 
0.005915 0.005515 0.007822 0.007775 0.006973 
0.00764 0.007459 0.005545 0.00653 0.006351 
0.007048 0.006667 0.005536 0.007191 0.015421 
0.007197 0.010247 0.011951 0.005524 0.011479 
0.008724 0.008537 0.007044 0.010643 0.016025 
0.006741 0.006618 0.007245 0.010072 0.012134 
0.006501 0.007097 0.0071 0.011067 0.007388 
0.005963 0.007186 0.006812 0.007608 0.007067 
0.006939 0.004895 0.00741 0.008873 0.011651 
0.007098 0.007767 0.015699 0.016644 0.012911 
0.006318 0.00814 0.007838 0.012257 0.020667 
0.006682 0.005907 0.010334 0.010846 0.014619 
0.00643 0.00744 0.008119 0.01098 0.007233 
0.005468 0.01002 0.007503 0.01221 0.017485 
0.005149 0.006557 0.00602 0.007742 0.009125 
0.006684 0.009013 0.006446 0.004991 0.008046 
0.007904 0.007449 0.007587 0.007933 0.014309 
0.006256 0.006992 0.006702 0.006521 0.006048 
0.006811 0.006164 0.008544 0.008852 0.022515 
0.005343 0.004724 0.007126 0.011856 0.011943 
0.005246 0.006254 0.003989 0.004172 0.009696 
0.005663 0.004469 0.00766 0.006716 0.008219 
0.005991 0.005699 0.005413 0.005194 0.007547 
0.006019 0.004647 0.007052 0.005493 0.007816 
0.004743 0.00609 0.00915 0.009773 0.012617 
0.005796 0.007064 0.005868 0.009705 0.006774 
0.005588 0.007528 0.007045 0.007912 0.009163 
0.006215 0.011123 0.014124 0.010201 0.016843 
0.00695 0.007601 0.007168 0.006946 0.014768 
0.006771 0.007566 0.006586 0.014235 0.006703 
0.005834 0.007232 0.010344 0.013005 0.01209 
0.004897 0.007208 0.005069 0.006567 0.010909 
0.005427 0.005576 0.006239 0.005998 0.012061 
0.005635 0.005586 0.004897 0.006746 0.01221 
0.006641 0.006263 0.007718 0.005718 0.009937 
0.008029 0.006584 0.005275 0.008396 0.009896 
0.00628 0.008385 0.005043 0.004771 0.007583 
0.005146 0.006165 0.006503 0.007057 0.009808 
0.005507 0.006147 0.004683 0.005091 0.010469 
0.006133 0.00535 0.00775 0.010017 0.013485 
0.005302 0.005926 0.006151 0.005822 0.015403 
0.006055 0.007243 0.007324 0.009034 0.010085 
0.005512 0.006222 0.005733 0.006275 0.007609 
0.007433 0.00695 0.006337 0.005706 0.00775 
0.005781 0.004974 0.004627 0.004589 0.00523 
0.006418 0.009654 0.005493 0.009092 0.00912 
0.006221 0.006756 0.005261 0.006913 0.015348 
0.007887 0.005196 0.008286 0.008846 0.007866 
0.008188 0.008581 0.008307 0.015615 0.017447 
0.00639 0.00816 0.007825 0.006526 0.016136 
0.006796 0.005168 0.009441 0.006825 0.021835 
0.007008 0.008753 0.005219 0.009727 0.011258 
0.004852 0.005611 0.008813 0.011667 0.014458 
0.006408 0.008154 0.006618 0.006583 0.010079 
0.006224 0.005286 0.007467 0.008402 0.012285 
0.006791 0.00895 0.008666 0.005953 0.010009 
0.005096 0.005865 0.008568 0.009298 0.011094 
0.007658 0.007296 0.009695 0.007104 0.013199 
0.007286 0.008404 0.006618 0.008831 0.007504 
0.00647 0.007314 0.012045 0.007842 0.007628 
0.006028 0.008377 0.008436 0.005817 0.011298 
0.006924 0.00846 0.00595 0.00667 0.00917 
0.00532 0.006512 0.004698 0.010252 0.015023 
0.007614 0.007224 0.006142 0.0062 0.011235 
0.005427 0.005599 0.007686 0.007191 0.0094 
0.006172 0.007476 0.010476 0.010133 0.010296 
0.007198 0.006515 0.012749 0.007158 0.009217 
0.006685 0.007565 0.01284 0.007421 0.008969 
0.007769 0.009067 0.008814 0.006176 0.013121 
0.00679 0.007544 0.008378 0.010537 0.01422 
0.005998 0.007845 0.007172 0.00615 0.008281 
0.006705 0.007437 0.008167 0.010364 0.021966 
0.007212 0.008416 0.008239 0.009855 0.014622 
0.006805 0.00626 0.010631 0.007763 0.008787 
0.006399 0.006276 0.008039 0.007553 0.009742 
0.006615 0.00603 0.00516 0.005421 0.009922 
0.005661 0.007354 0.008163 0.012512 0.010163 
0.007731 0.007243 0.006239 0.006308 0.010192 
0.007026 0.009761 0.00775 0.008072 0.008222 
0.006746 0.007981 0.011096 0.007419 0.016069 
0.004595 0.005825 0.0072 0.010336 0.012422 
0.007531 0.007654 0.006997 0.007258 0.0124 
0.006229 0.006267 0.015996 0.010759 0.016861 
0.007615 0.007845 0.015511 0.012592 0.015495 
0.007484 0.007563 0.005611 0.007037 0.007168 
0.007225 0.009099 0.014438 0.013891 0.015436 
0.006331 0.007227 0.009539 0.006948 0.010949 
0.005505 0.007757 0.012339 0.007087 0.008391 
0.007504 0.009185 0.011864 0.018245 0.016808 
0.007954 0.007722 0.010166 0.011346 0.010883 
0.005884 0.008172 0.013534 0.013097 0.022602 
0.007855 0.006694 0.010958 0.012069 0.008886 
0.005644 0.008244 0.005227 0.006311 0.012161 
0.005038 0.007269 0.005563 0.009253 0.013904 
0.00681 0.007108 0.006156 0.00858 0.015671 
0.007017 0.006694 0.008662 0.010601 0.010319