
0.000602 0.00067 0.001399 0.002374 0.002028 
0.000323 0.000838 0.001736 0.001744 0.002353 
0.000452 0.000576 0.000765 0.000754 0.00254 
0.000324 0.000554 0.001122 0.002207 0.001569 
0.00051 0.001155 0.000505 0.000666 0.001868 
0.000416 0.000542 0.001533 0.001491 0.001541 
0.000319 0.000815 0.001776 0.000926 0.002569 
0.000299 0.000533 0.000858 0.002392 0.002079 
0.000497 0.00113 0.001539 0.002032 0.002789 
0.00042 0.000292 0.000887 0.001741 0.002319 
0.000414 0.000869 0.000449 0.001526 0.001555 
0.00053 0.000868 0.000602 0.000752 0.00092 
0.000518 0.001073 0.001352 0.002334 0.002874 
0.000501 0.000395 0.001137 0.002362 0.002345 
0.000558 0.000886 0.000702 0.001902 0.002346 
0.000433 0.000456 0.001356 0.000912 0.001521 
0.000469 0.001113 0.001346 0.001149 0.002551 
0.00033 0.000525 0.000605 0.001282 0.00268 
0.000412 0.000602 0.001568 0.001678 0.002761 
0.000537 0.000508 0.00163 0.002323 0.001101 
0.000576 0.000325 0.000507 0.001858 0.002244 
0.000377 0.000765 0.00158 0.000979 0.00243 
0.000536 0.000945 0.001786 0.001678 0.000923 
0.000419 0.000808 0.001581 0.001322 0.001833 
0.000526 0.000622 0.001409 0.001366 0.001305 
0.00054 0.000887 0.001364 0.001008 0.002347 
0.000452 0.000522 0.001287 0.00141 0.002943 
0.00032 0.000887 0.001385 0.001803 0.001552 
0.000292 0.000998 0.001689 0.002193 0.001028 
0.000387 0.000947 0.000931 0.001334 0.002394 
0.000295 0.000966 0.001813 0.001343 0.002795 
0.000399 0.001048 0.001176 0.002437 0.002647 
0.000312 0.000549 0.001596 0.001437 0.001451 
0.000271 0.000295 0.000558 0.002289 0.001942 
0.000538 0.000907 0.000784 0.00163 0.001545 
0.000575 0.000631 0.00128 0.002365 0.001341 
0.000399 0.00057 0.00118 0.000861 0.002614 
0.000521 0.000683 0.000613 0.002117 0.001046 
0.000502 0.000582 0.001625 0.001045 0.002407 
0.000244 0.000856 0.000936 0.002147 0.002002 
0.000427 0.000834 0.001723 0.001785 0.002429 
0.000532 0.001106 0.00166 0.001832 0.002252 
0.000606 0.000516 0.001639 0.001003 0.002767 
0.000309 0.000461 0.000812 0.002218 0.000894 
0.000482 0.000781 0.001148 0.002037 0.003132 
0.000493 0.001149 0.001635 0.00055 0.001132 
0.000358 0.000635 0.00126 0.001927 0.001553 
0.000275 0.000582 0.000878 0.000792 0.002909 
0.000432 0.000969 0.000765 0.001233 0.002878 
0.000315 0.000459 0.001331 0.003002 0.002704 
0.00055 0.000627 0.000969 0.000759 0.002824 
0.00027 0.000581 0.001236 0.000897 0.001153 
0.000334 0.000324 0.00083 0.001681 0.001356 
0.000508 0.00082 0.001323 0.001667 0.002823 
0.000526 0.000868 0.001194 0.001101 0.002877 
0.000292 0.00058 0.001071 0.001264 0.002228 
0.000286 0.000379 0.001795 0.002322 0.002559 
0.000368 0.000602 0.000837 0.001757 0.00139 
0.000301 0.000897 0.001089 0.001025 0.002754 
0.000427 0.000917 0.001253 0.001154 0.002936 
0.000517 0.00085 0.000537 0.001179 0.001856 
0.000332 0.001107 0.001378 0.002033 0.001637 
0.000269 0.000424 0.000925 0.001957 0.00217 
0.000387 0.000608 0.00109 0.001033 0.000936 
0.000539 0.000827 0.000406 0.002083 0.002411 
0.000356 0.000897 0.001561 0.002282 0.002159 
0.000528 0.000785 0.000792 0.000657 0.002024 
0.000272 0.000866 0.000632 0.001601 0.002514 
0.000288 0.000614 0.000755 0.00132 0.002418 
0.000295 0.000499 0.001582 0.002008 0.002628 
0.000325 0.000495 0.000718 0.001219 0.002052 
0.000526 0.001051 0.000923 0.001841 0.001015 
0.000383 0.001075 0.001744 0.00099 0.001664 
0.000243 0.000643 0.000913 0.001786 0.000772 
0.00031 0.000535 0.000975 0.002351 0.002871 
0.000235 0.000637 0.000877 0.002153 0.001929 
0.000389 0.000616 0.001683 0.001971 0.000844 
0.000564 0.000874 0.000797 0.001659 0.002599 
0.000259 0.000847 0.00048 0.001221 0.000919 
0.000457 0.001064 0.000454 0.001667 0.001002 
0.000325 0.000908 0.000527 0.002208 0.002385 
0.000626 0.001203 0.00095 0.000505 0.002785 
0.000414 0.000564 0.001479 0.001603 0.001959 
0.000258 0.000448 0.001669 0.002307 0.001852 
0.000395 0.000887 0.001868 0.001086 0.001687 
0.00044 0.0011 0.001253 0.00185 0.00231 
0.00049 0.000741 0.000702 0.000788 0.001038 
0.000302 0.000557 0.000772 0.001876 0.002762 
0.000244 0.000427 0.000814 0.000898 0.001927 
0.000376 0.000896 0.001364 0.000974 0.002363 
0.000541 0.000464 0.00154 0.001769 0.001938 
0.000476 0.001074 0.000997 0.002274 0.001268 
0.000302 0.000979 0.001631 0.000901 0.002368 
0.000473 0.000546 0.001871 0.002183 0.000849 
0.000267 0.001068 0.001816 0.001595 0.000923 
0.000473 0.000391 0.001672 0.001561 0.001162 
0.00055 0.000487 0.000659 0.000521 0.001087 
0.000357 0.000801 0.001048 0.002134 0.002892 
0.000519 0.000749 0.001341 0.002257 0.000994 
0.000492 0.00082 0.001621 0.000603 0.002296 