
0.000475 0.001277 0.001333 0.000551 0.002369 
0.000165 0.000697 0.000587 0.001707 0.00214 
0.000146 0.001001 0.001255 0.001945 0.001766 
0.000535 0.000475 0.000867 0.001897 0.002936 
0.00046 0.000737 0.00163 0.001044 0.000838 
0.000443 0.00093 0.001367 0.001307 0.000857 
0.000324 0.000891 0.000989 0.002199 0.002105 
0.000388 0.000346 0.001393 0.001976 0.00159 
0.000204 0.000999 0.001641 0.0014 0.001464 
0.000293 0.000401 0.000366 0.001524 0.001639 
0.000533 0.000847 0.001283 0.001881 0.00236 
0.000437 0.00094 0.000491 0.002002 0.002233 
0.000161 0.000699 0.001487 0.001486 0.001681 
0.0003 0.000805 0.001469 0.00201 0.000764 
0.000237 0.000233 0.000862 0.001746 0.002216 
0.000513 0.000321 0.000337 0.000767 0.001127 
0.000409 0.000468 0.001927 0.002265 0.002186 
0.000474 0.000424 0.000599 0.00159 0.001996 
0.000445 0.000635 0.000281 0.000991 0.001781 
0.000449 0.000991 0.001371 0.002256 0.002663 
0.000525 0.001168 0.00058 0.000484 0.001037 
0.000448 0.000762 0.001414 0.001867 0.001218 
0.00031 0.00079 0.001818 0.001278 0.001074 
0.000437 0.00036 0.001492 0.002095 0.002691 
0.00054 0.00086 0.000765 0.002099 0.000585 
0.000386 0.000427 0.001561 0.001752 0.000977 
0.000138 0.001044 0.0014 0.001412 0.00221 
0.00056 0.001075 0.001411 0.002252 0.000807 
0.00028 0.001076 0.000705 0.001963 0.001902 
0.000192 0.000573 0.001011 0.00198 0.002466 
0.000479 0.000439 0.000435 0.000416 0.00233 
0.000344 0.000698 0.001037 0.001714 0.002729 
0.000455 0.000909 0.000936 0.000257 0.002656 
0.000158 0.000427 0.00147 0.002194 0.001558 
0.000407 0.000761 0.000435 0.00164 0.002191 
0.00047 0.000398 0.000476 0.001037 0.001811 
0.000141 0.00105 0.001476 0.00025 0.000781 
0.000443 0.000995 0.001616 0.000489 0.002162 
0.000319 0.000858 0.001274 0.00051 0.00165 
0.00043 0.000571 0.00163 0.001318 0.002132 
0.000239 0.000977 0.001703 0.002057 0.001074 
0.000157 0.000841 0.001661 0.001566 0.001315 
0.000214 0.000261 0.000655 0.001797 0.001767 
0.000523 0.000621 0.001315 0.0014 0.000556 
0.000527 0.000906 0.001187 0.002283 0.002632 
0.000154 0.000983 0.000394 0.001029 0.000836 
0.000476 0.000612 0.001574 0.001668 0.001059 
0.000418 0.000992 0.001058 0.002002 0.00246 
0.000534 0.000371 0.000333 0.002142 0.001814 
0.000358 0.000718 0.000355 0.001513 0.001699 
0.000382 0.000484 0.000473 0.001506 0.001933 
0.000181 0.000228 0.000319 0.001984 0.00283 
0.000326 0.000387 0.000941 0.001347 0.001804 
0.000213 0.000546 0.001119 0.000468 0.000385 
0.000366 0.000407 0.000734 0.00171 0.001901 
0.000267 0.000627 0.001134 0.001646 0.000708 
0.000515 0.000804 0.001542 0.000188 0.002657 
0.000182 0.000546 0.000838 0.0011 0.001663 
0.000558 0.000969 0.000883 0.002236 0.00248 
0.000523 0.000755 0.00122 0.001868 0.001573 
0.000536 0.000742 0.001122 0.001217 0.002211 
0.000255 0.000886 0.001033 0.000485 0.002596 
0.000515 0.00031 0.001185 0.000409 0.001326 
0.000515 0.000548 0.00048 0.002066 0.001617 
0.00048 0.000788 0.000698 0.002288 0.002039 
0.000273 0.000809 0.001231 0.001703 0.002695 
0.000174 0.000343 0.001038 0.001963 0.002668 
0.000341 0.000756 0.000653 0.001094 0.00209 
0.000522 0.000544 0.0006 0.001587 0.002314 
0.000247 0.000714 0.000862 0.001362 0.000569 
0.000214 0.000836 0.000531 0.001988 0.000282 
0.000342 0.000398 0.001655 0.000728 0.000491 
0.000505 0.000609 0.000582 0.001783 0.002488 
0.000139 0.000634 0.000432 0.002072 0.00261 
0.000571 0.000741 0.001643 0.002016 0.001957 
0.000235 0.000278 0.00097 0.000716 0.00185 
0.00044 0.000658 0.001774 0.000708 0.00155 
0.000358 0.000711 0.001597 0.000708 0.00144 
0.000374 0.00056 0.001684 0.002006 0.000676 
0.000339 0.00103 0.001469 0.001435 0.000889 
0.000524 0.000598 0.001004 0.002049 0.002314 
0.00021 0.000284 0.000406 0.001057 0.001055 
0.000172 0.000232 0.000878 0.001381 0.000947 
0.000459 0.001105 0.000701 0.001467 0.002296 
0.000487 0.000899 0.000488 0.001834 0.001783 
0.000105 0.000297 0.001129 0.001293 0.001795 
0.000343 0.000652 0.001552 0.001834 0.001065 
0.000535 0.001258 0.001354 0.001425 0.000637 
0.00036 0.000896 0.0006 0.001531 0.001974 
0.000397 0.000265 0.000661 0.001108 0.002721 
0.00023 0.001024 0.001324 0.001236 0.002611 
0.000258 0.000339 0.001717 0.000624 0.002119 
0.000537 0.000438 0.001198 0.001689 0.001139 
0.0003 0.000279 0.001504 0.002041 0.001823 
0.000393 0.000812 0.000889 0.00167 0.002301 
0.000393 0.000607 0.001105 0.002144 0.001449 
0.000438 0.000995 0.0017 0.001785 0.002305 
0.000484 0.00094 0.001648 0.001368 0.001368 
0.000122 0.000609 0.001159 0.001303 0.001338 
0.00051 0.000909 0.000344 0.001778 0.001951 