
7.4178 4.40048 2.56723 1.20892 0.331827 
6.67169 4.26256 2.36966 1.05639 0.2735 
6.76015 3.98493 2.2436 1.08204 0.314424 
6.71653 4.02454 2.26481 1.11922 0.271928 
6.67725 4.48963 3.72323 1.67856 0.301781 
7.20818 4.32741 2.28683 1.18301 0.26193 
7.19208 4.29377 2.31759 1.08495 0.267029 
7.47767 4.2215 2.06445 1.00896 0.262662 
7.50876 4.5428 2.47989 1.08545 0.293676 
7.80006 4.66587 2.56122 1.0439 0.319526 
7.37915 4.37584 2.46211 0.988845 0.284774 
7.20499 4.54504 2.37852 1.13028 0.267802 
6.89243 4.25117 2.36125 1.07371 0.280818 
6.85542 4.10383 2.28403 1.06116 0.256241 
7.01414 4.19399 2.2656 1.06426 0.252555 
6.62322 4.25507 2.38077 1.04452 0.281744 
6.94332 4.41229 2.43327 1.09191 0.292843 
6.98954 4.33812 2.3005 1.14749 0.279029 
6.81527 4.20194 2.32069 1.0405 0.337565 
7.10237 4.04978 2.28149 1.03644 0.291897 
7.02576 4.2471 2.3756 1.0845 0.29091 
7.07001 4.31827 2.36943 1.11357 0.306076 
6.92594 4.22589 2.33406 1.0528 0.280831 
6.58468 4.0837 2.35433 1.03723 0.243653 
7.06869 4.39451 2.56392 1.12535 0.296205 
7.4111 4.83321 2.52638 1.43536 0.336575 
7.55388 4.4056 2.45789 1.18568 0.311007 
8.03938 4.85255 2.55441 1.17828 0.306612 
7.65786 4.50099 2.62669 1.17302 0.320162 
7.60329 4.66944 2.58442 1.05716 0.295239 
7.97717 4.33062 2.45682 1.15718 0.295737 
7.05375 5.13611 3.43418 1.42494 0.415528 
7.44769 4.35489 2.24028 1.02214 0.261293 
7.60675 4.7687 2.53667 1.219 0.318556 
8.94069 5.05943 2.75265 1.31533 0.270828 
8.62819 4.21417 2.2956 1.07138 0.254587 
7.21456 4.24971 2.27148 1.02678 0.25775 
7.12402 5.02686 2.8816 1.18916 0.275725 
7.51771 4.47399 2.31604 1.09241 0.291969 
6.74347 4.2641 2.30458 1.02275 0.265587 
7.61323 4.9159 2.53878 1.15456 0.283255 
8.01024 4.5182 2.50064 1.14955 0.310534 
7.61534 5.49849 2.89738 1.16299 0.305551 
7.85789 4.4877 2.46751 1.1208 0.267856 
7.92997 4.31419 2.4939 1.08143 0.319019 
7.73591 4.54207 2.46629 1.28645 0.289902 
7.61236 4.9063 2.63116 1.22569 0.284918 
7.6009 4.53152 2.4538 1.0977 0.266711 
7.12219 4.23628 2.57535 1.12632 0.302912 
8.09159 4.60704 2.41637 1.04474 0.243868 
7.50448 4.46113 2.47367 1.20328 0.294877 
7.40335 4.45427 2.36011 1.14965 0.272172 
7.62178 4.28455 2.37546 1.14958 0.329144 
7.70177 4.55727 2.31125 1.05181 0.271334 
6.8441 4.42221 2.31668 1.12278 0.276566 
7.64606 4.57895 2.37589 1.19679 0.30486 
7.50097 4.88028 3.69752 1.57676 0.423477 
8.58024 5.1095 3.04085 1.34066 0.303828 
8.014 4.96852 2.51984 1.23803 0.309788 
8.73567 4.51547 2.73596 1.25107 0.343008 
8.09394 4.43288 2.4144 1.01567 0.262402 
7.30664 4.26416 2.23588 1.00367 0.242346 
7.01502 4.30928 2.28759 1.03087 0.286182 
7.15641 4.44165 2.43482 1.07016 0.283805 
7.16594 4.32675 2.41306 1.13482 0.250022 
7.29463 4.53001 2.55922 1.20241 0.282656 
7.7136 4.50072 2.27064 1.09678 0.287397 
6.96139 4.25181 2.25943 1.08434 0.254124 
6.86874 4.16097 2.20763 1.01875 0.263406 
6.91873 4.27457 2.18113 1.04436 0.279798 
6.45511 4.11243 2.24011 0.985024 0.251871 
6.67541 4.13233 2.31817 1.04198 0.255858 
6.90061 4.31431 2.31162 1.0448 0.268252 
7.66447 4.46679 2.39812 1.0647 0.272522 
7.46593 4.30964 2.20005 1.01726 0.243394 
7.15632 3.99221 2.28365 1.04107 0.286854 
7.03119 4.11647 2.32483 1.04603 0.285514 
6.76409 4.28519 2.33048 1.02114 0.292527 
7.0224 4.07638 2.33422 1.03957 0.239201 
6.9433 4.1534 2.34578 1.02793 0.287336 
6.93222 4.19077 2.61411 1.26943 0.392292 
8.06287 5.21369 2.95883 1.11605 0.278532 
8.39873 4.2095 2.37603 1.01839 0.262309 
7.61801 4.16949 2.34977 1.26616 0.291158 
8.35066 4.5716 2.43773 1.0618 0.27599 
7.20374 4.45471 2.48566 1.0953 0.25636 
7.53752 4.55971 2.35009 1.10139 0.263711 
7.09324 4.39364 2.44739 1.09026 0.242848 
7.84304 4.45321 2.54155 1.19352 0.267843 
7.44178 4.15469 2.29166 1.01963 0.277775 
7.39421 4.46226 2.39939 1.10398 0.282773 
7.159 4.17163 2.40055 1.14417 0.316944 
7.14246 4.1762 2.42224 1.12046 0.336431 
8.05493 4.48726 2.38179 1.11993 0.315325 
7.20623 4.5343 2.49092 1.1596 0.328099 
7.98916 4.46579 2.51126 1.10238 0.329623 
7.66615 4.58649 2.46734 1.11957 0.312169 
7.43845 4.3462 2.2909 1.1085 0.297248 
7.57669 4.50935 2.33627 1.0456 0.266513 
7.3141 4.44911 2.50231 1.16951 0.297357 