
0.000513 0.000118 0.000657 0.000258 0.001208 
0.000493 0.001002 0.00056 0.00034 7.1e-05 
0.000455 0.000189 0.000265 0.000185 0.000329 
0.000306 0.000461 0.001355 0.001053 0.002059 
0.000142 0.000385 0.001273 0.000347 0.00059 
0.000247 0.000551 0.001066 0.001298 0.000394 
0.000425 0.000509 0.001211 7.9e-05 0.000983 
0.00023 0.000689 0.00082 0.001257 0.002449 
0.000414 0.00057 0.000988 0.000732 0.000906 
5.1e-05 0.000404 0.000545 0.001803 0.001852 
0.000203 0.00103 0.000149 0.000747 0.000526 
0.00035 0.000142 0.001195 0.001166 0.00037 
0.000142 0.000601 0.000228 0.001822 0.00145 
0.000125 0.001142 0.00067 0.000117 0.000305 
0.000478 0.000938 0.001594 0.002028 0.001082 
0.000307 0.00101 0.000272 6.6e-05 0.002031 
0.000447 0.000518 0.000941 0.001011 0.000256 
0.000243 0.000346 0.000451 0.001843 5.6e-05 
0.000144 0.000789 0.000857 0.000194 0.002496 
0.00049 0.000413 0.000413 0.0012 0.002339 
0.000436 0.000875 0.000352 0.001793 0.00116 
0.000304 0.000234 0.000893 0.000598 0.000731 
0.000251 0.000773 3.6e-05 0.002019 0.001604 
5.3e-05 0.000214 0.000617 0.000309 0.000181 
0.000148 0.000545 0.001486 0.001962 0.002713 
0.000187 0.001089 0.000962 0.00171 0.000961 
0.000249 0.000833 0.000899 0.000395 0.002117 
0.00041 0.001042 0.000798 0.002201 0.000844 
9.9e-05 0.000255 0.000542 0.000649 0.002233 
0.000381 0.00094 0.00104 0.001189 0.002645 
0.000311 0.001072 9.7e-05 0.000607 0.002561 
0.000108 0.000131 0.000144 0.000273 0.001131 
0.00026 0.000947 0.001141 0.001785 0.000784 
0.000199 0.000298 0.001561 0.000905 0.001222 
0.000165 0.000426 0.001192 0.001256 0.001258 
0.00047 0.000406 0.000494 0.001121 0.000357 
0.0002 0.000845 0.000557 0.000268 0.000307 
0.0005 0.000893 0.001106 0.001773 0.00169 
0.000482 0.000316 0.001442 0.001949 0.001284 
0.000196 0.000359 0.000741 0.001245 0.001531 
0.000456 0.000607 0.001657 0.000473 0.000205 
0.000286 0.001003 0.000866 0.001114 5.4e-05 
7.4e-05 0.001036 0.000318 0.000314 0.002258 
0.000293 0.000646 0.000852 0.001066 0.000261 
0.000139 0.000592 0.001393 0.001024 0.001171 
0.000468 0.00037 0.000745 0.000311 0.001842 
8.9e-05 0.000618 0.000503 0.001079 0.002587 
0.00026 0.000203 0.000611 0.002096 0.000862 
0.000292 0.000879 0.000514 0.000632 0.001539 
4.4e-05 0.000466 0.000916 0.000564 0.000373 
0.000141 0.000864 0.00012 0.001012 0.001566 
0.000461 0.000549 0.000607 0.000247 0.000217 
0.000433 0.000964 0.001488 0.001419 9.8e-05 
0.000282 0.000372 0.000246 0.001978 0.000388 
0.000178 0.000352 0.000484 0.001958 0.001511 
5.2e-05 0.000337 0.001509 0.000433 0.000151 
0.000135 0.000963 0.000178 0.001369 0.000858 
0.000483 0.000504 0.001036 0.000587 0.001646 
0.000318 0.000168 0.000922 0.000307 0.001333 
0.000178 0.000469 0.001152 0.000297 0.002183 
0.000245 0.000398 0.000373 0.00021 0.001355 
0.000176 0.000875 0.001144 0.000553 0.000416 
9.4e-05 0.000748 0.001678 0.000112 0.00269 
0.000283 0.0004 0.00151 0.000254 0.001486 
0.000213 0.000979 0.000609 0.00064 0.000185 
0.000494 5.8e-05 0.000552 0.002232 0.000175 
0.00044 0.000805 0.000413 0.001598 0.002038 
0.000306 0.000853 0.000587 8.5e-05 0.000154 
0.000456 0.000459 0.000763 0.000359 0.000382 
0.000242 0.000278 0.000383 0.000164 0.000274 
0.000244 0.000796 0.000172 0.001211 0.000358 
0.000512 7.1e-05 0.000899 0.001072 0.002573 
3.1e-05 0.000634 0.000853 0.001118 0.000452 
0.000525 0.000252 0.001165 0.002729 0.000705 
0.0003 0.000589 0.000822 0.000629 0.000306 
0.000399 0.00083 0.000892 0.001124 0.000207 
0.00016 0.000532 0.001623 0.000392 0.002386 
0.000399 0.000267 0.000197 0.001916 0.002308 
0.000453 0.000616 0.000801 0.000188 0.00257 
0.000258 0.000963 0.001646 0.000891 0.002216 
0.000471 0.000101 0.001535 0.000947 0.002009 
0.0001 0.00031 0.000584 0.001762 0.000363 
0.000136 0.00019 0.0011 0.001363 0.001575 
0.00014 0.000735 0.000476 0.000129 0.002357 
0.000269 0.00053 0.00051 0.001826 0.002785 
0.000298 0.000188 0.000989 0.001192 7.3e-05 
0.00047 0.000353 0.000714 0.000454 0.001248 
0.000382 0.000342 0.000576 0.001609 0.00114 
0.000295 0.00088 0.000411 0.0022 0.002045 
9.6e-05 0.000807 0.000508 0.000299 0.002189 
0.000167 0.000187 0.001 0.000355 0.001042 
0.000217 0.000951 0.000137 0.000988 0.000823 
0.000462 6.5e-05 0.000772 0.000928 0.001076 
0.000122 0.000147 0.000346 0.000114 0.000118 
0.000396 0.001008 0.000637 0.001429 0.001949 
0.000227 0.000544 0.000409 0.002209 0.002314 
8.4e-05 0.000978 0.001055 0.000485 0.000813 
0.000351 0.000348 1.6e-05 0.000243 0.000703 
0.00038 0.000893 0.001094 0.000653 0.000622 
6.6e-05 0.001079 0.000497 0.00224 0.001506 