0.0276 0.041387 0.07211 0.073665 0.096879 
0.031864 0.05049 0.076633 0.08606 0.085888 
0.029727 0.043238 0.074216 0.084654 0.094964 
0.034243 0.048678 0.077269 0.089947 0.101294 
0.035285 0.056043 0.086459 0.087834 0.088076 
0.033318 0.052697 0.078653 0.085759 0.096458 
0.033081 0.046791 0.085664 0.091799 0.11682 
0.035314 0.052883 0.09522 0.092848 0.097429 
0.030439 0.05048 0.074832 0.07913 0.105383 
0.032269 0.045339 0.070898 0.085081 0.085792 
0.034398 0.048575 0.078277 0.079503 0.104352 
0.033519 0.052125 0.076055 0.080769 0.089737 
0.027015 0.041316 0.085411 0.095691 0.103846 
0.028626 0.044632 0.071852 0.075118 0.08265 
0.030814 0.047001 0.077392 0.08203 0.092492 
0.030897 0.04703 0.069409 0.084467 0.094639 
0.028002 0.048404 0.077064 0.080248 0.082547 
0.03293 0.046576 0.082212 0.087455 0.096251 
0.033828 0.048227 0.079505 0.073672 0.091856 
0.035342 0.054917 0.078741 0.084847 0.099324 
0.030895 0.055114 0.078605 0.085149 0.091413 
0.033813 0.053147 0.078134 0.09245 0.107947 
0.037973 0.055071 0.082393 0.088991 0.097098 
0.037403 0.05282 0.084673 0.089856 0.10143 
0.035468 0.049234 0.084734 0.085937 0.107879 
0.035819 0.057541 0.083443 0.090153 0.10325 
0.035823 0.051505 0.094436 0.101317 0.096491 
0.041347 0.057035 0.073605 0.078215 0.086016 
0.032306 0.052173 0.083227 0.080403 0.094159 
0.027881 0.046915 0.082033 0.093356 0.099746 
0.032715 0.052299 0.080569 0.085049 0.093984 
0.036211 0.057848 0.093561 0.086386 0.094481 
0.035712 0.052802 0.084531 0.087701 0.093447 
0.037319 0.052607 0.0765 0.084254 0.097245 
0.032908 0.052404 0.083289 0.087475 0.095132 
0.034718 0.055076 0.082193 0.090995 0.096964 
0.032098 0.052532 0.093131 0.091315 0.092361 
0.032249 0.050418 0.080333 0.082151 0.092117 
0.030368 0.047016 0.075996 0.081025 0.083777 
0.032198 0.049186 0.079933 0.086784 0.105832 
0.036633 0.05722 0.087182 0.095357 0.100852 
0.032619 0.054063 0.083099 0.085918 0.099616 
0.033141 0.054005 0.086073 0.086598 0.087873 
0.031415 0.049799 0.095238 0.087931 0.09596 
0.032522 0.04884 0.0876 0.089183 0.093474 
0.028359 0.049094 0.080174 0.085644 0.087226 
0.033683 0.05647 0.075173 0.074252 0.089648 
0.030271 0.046585 0.073512 0.079788 0.090427 
0.033842 0.046622 0.076071 0.084543 0.08265 
0.030294 0.048946 0.071256 0.083073 0.086977 
0.036181 0.050356 0.077246 0.071386 0.081602 
0.027871 0.047939 0.071262 0.088354 0.088388 
0.026243 0.045827 0.07555 0.086254 0.087858 
0.028581 0.041572 0.070722 0.078843 0.079936 
0.028417 0.040424 0.076843 0.069032 0.074801 
0.029723 0.050645 0.076018 0.074577 0.094424 
0.032608 0.046409 0.075084 0.082252 0.090841 
0.030028 0.044378 0.075167 0.067682 0.074266 
0.030939 0.047953 0.073501 0.084261 0.090428 
0.028291 0.046466 0.07377 0.083748 0.085082 
0.033418 0.047803 0.079027 0.084453 0.087761 
0.029996 0.058317 0.087879 0.083809 0.087168 
0.030334 0.050827 0.078674 0.077125 0.089361 
0.032771 0.049943 0.080119 0.083705 0.097685 
0.030858 0.048663 0.079167 0.072185 0.086406 
0.025685 0.038427 0.07544 0.083071 0.081152 
0.034638 0.045016 0.063383 0.086078 0.093888 
0.030008 0.043615 0.077562 0.076501 0.077121 
0.031334 0.046831 0.069503 0.081373 0.08276 
0.0325 0.041518 0.074745 0.087509 0.082099 
0.03192 0.047958 0.069155 0.07978 0.079578 
0.027381 0.051326 0.074811 0.077612 0.081286 
0.027768 0.046255 0.079317 0.070703 0.082291 
0.029293 0.045997 0.069957 0.078531 0.101631 
0.034688 0.058685 0.069968 0.072814 0.077853 
0.029265 0.044438 0.071984 0.080307 0.080379 
0.03076 0.043994 0.070163 0.068427 0.068289 
0.027524 0.050469 0.075844 0.073807 0.099583 
0.028182 0.042849 0.063703 0.072529 0.080198 
0.028427 0.040959 0.064948 0.080399 0.08433 
0.030729 0.050641 0.077928 0.071162 0.07535 
0.030289 0.045178 0.07023 0.07769 0.078141 
0.030196 0.042851 0.076399 0.075764 0.094282 
0.02831 0.044001 0.064781 0.068303 0.07254 
0.026943 0.038843 0.065891 0.068618 0.072654 
0.031055 0.044482 0.073452 0.077398 0.079115 
0.02854 0.044971 0.070913 0.072041 0.077371 
0.026156 0.042395 0.070318 0.068603 0.079439 
0.030454 0.045661 0.071891 0.06756 0.071037 
0.025904 0.041976 0.068327 0.072757 0.078485 
0.02725 0.042873 0.072032 0.070101 0.092791 
0.040723 0.042411 0.068625 0.080072 0.077056 
0.025316 0.042304 0.058169 0.063258 0.07368 
0.024431 0.042143 0.071513 0.066926 0.071717 
0.026031 0.043418 0.067151 0.064629 0.070944 
0.027824 0.040225 0.069414 0.062766 0.070531 
0.025186 0.039163 0.061348 0.06781 0.076509 
0.026466 0.042773 0.062226 0.070797 0.073173 
0.027312 0.03908 0.066696 0.065617 0.083759 
0.033974 0.050813 0.075553 0.081114 0.078837