0.019336 0.015688 0.016025 0.012023 0.006522 
0.02321 0.020993 0.014719 0.01111 0.006702 
0.02057 0.020179 0.016705 0.010694 0.006948 
0.02345 0.017676 0.015978 0.011314 0.006354 
0.019854 0.018938 0.016098 0.010536 0.007148 
0.023395 0.017232 0.015268 0.011298 0.006708
0.025193 0.019899 0.015227 0.009863 0.006553 
0.022342 0.019872 0.014771 0.011638 0.006325
0.023067 0.019188 0.015702 0.011251 0.005404 
0.019969 0.021012 0.01605 0.011211 0.004656 
0.023973 0.022855 0.01567 0.01079 0.006743 
0.020122 0.019561 0.017969 0.00957 0.005896 
0.023114 0.021562 0.017636 0.013097 0.007665 
0.024652 0.023065 0.018608 0.008534 0.007778 
0.023984 0.01803 0.015405 0.011277 0.006975 
0.02324 0.021362 0.017141 0.01053 0.005813 
0.020841 0.01807 0.014473 0.010588 0.006474
0.021532 0.017272 0.016148 0.011045 0.00532 
0.019664 0.013728 0.015666 0.011382 0.004659 
0.024243 0.016277 0.019496 0.011125 0.00619 
0.022297 0.021609 0.012986 0.010389 0.006169 
0.025253 0.017254 0.016949 0.011373 0.006371 
0.024288 0.020918 0.016826 0.011967 0.006239 
0.022846 0.019577 0.016021 0.008884 0.005166 
0.022269 0.018739 0.016186 0.009372 0.005095 
0.021695 0.018302 0.016336 0.011472 0.005869 
0.020016 0.016191 0.016858 0.010065 0.006302 
0.02279 0.02126 0.017964 0.009538 0.006148 
0.024842 0.020223 0.017443 0.012131 0.007316 
0.022355 0.021068 0.015369 0.011665 0.006867 
0.024281 0.017178 0.016414 0.012106 0.006178 
0.021453 0.014209 0.01464 0.010453 0.00626 
0.021534 0.017773 0.014714 0.011056 0.006732 
0.022551 0.021777 0.016024 0.012802 0.00681 
0.022286 0.018211 0.01668 0.009826 0.006631 
0.021568 0.019888 0.014107 0.010659 0.006923 
0.027163 0.019311 0.016158 0.011142 0.006664 
0.023552 0.019048 0.015226 0.010046 0.006692 
0.019143 0.018807 0.01755 0.011349 0.007032 
0.021882 0.01978 0.014515 0.00839 0.006279 
0.022191 0.019371 0.017059 0.01056 0.006705 
0.020673 0.019102 0.013445 0.007722 0.005134 
0.022206 0.01764 0.017216 0.010405 0.006444 
0.01958 0.018681 0.015703 0.012222 0.007062 
0.02049 0.021177 0.014725 0.011277 0.006352 
0.021646 0.025794 0.018446 0.01115 0.006743
0.020475 0.01909 0.015641 0.010518 0.006306 
0.023199 0.019581 0.017496 0.011464 0.007115 
0.022731 0.02177 0.019479 0.011119 0.005252 
0.023426 0.02074 0.01586 0.012017 0.006398 
0.026078 0.019341 0.017844 0.01048 0.00606 
0.022106 0.018792 0.017087 0.011325 0.006472 
0.023102 0.02093 0.016186 0.011113 0.005622 
0.023752 0.023121 0.016672 0.011558 0.0059 
0.023008 0.017059 0.014056 0.010193 0.006013 
0.021248 0.02094 0.014349 0.009158 0.00674 
0.021695 0.021267 0.015078 0.012087 0.005355 
0.020471 0.020965 0.01866 0.010797 0.005629 
0.021816 0.021395 0.016419 0.011747 0.00665 
0.022305 0.019364 0.010571 0.010067 0.005159 
0.021641 0.01806 0.014677 0.009918 0.004606 
0.019366 0.018438 0.014286 0.010402 0.006687 
0.021709 0.019362 0.015875 0.010079 0.006142 
0.020751 0.018322 0.015203 0.010553 0.006174 
0.017402 0.016824 0.014666 0.008651 0.005537 
0.015896 0.016878 0.012356 0.008812 0.005795 
0.019908 0.014912 0.013741 0.007969 0.004303 
0.018661 0.014824 0.015385 0.009725 0.005866 
0.017878 0.013324 0.012949 0.009676 0.005686 
0.018691 0.016268 0.012231 0.009733 0.006627 
0.020124 0.015979 0.011276 0.008572 0.005028 
0.015906 0.014404 0.011056 0.007501 0.004866 
0.017587 0.016375 0.011641 0.007607 0.005776 
0.017736 0.019462 0.016677 0.012517 0.006521 
0.021909 0.01497 0.011137 0.007941 0.004829 
0.016381 0.01421 0.013114 0.007861 0.004781 
0.015784 0.017737 0.01352 0.009513 0.005403 
0.019289 0.016478 0.013944 0.010562 0.004548
0.015294 0.018227 0.015742 0.012313 0.005238 
0.019316 0.014451 0.009809 0.008469 0.005805 
0.015149 0.015096 0.009772 0.00812 0.005292 
0.016435 0.014276 0.010351 0.008045 0.004177 
0.017417 0.0139 0.01258 0.008252 0.005222 
0.017022 0.015551 0.010806 0.007516 0.004959 
0.016941 0.01628 0.014356 0.010524 0.006333 
0.018845 0.016162 0.013779 0.010327 0.006006 
0.018386 0.017143 0.013048 0.007326 0.005171 
0.021811 0.015378 0.014813 0.009743 0.005321 
0.019882 0.015072 0.012465 0.00851 0.005194 
0.018252 0.014693 0.012168 0.009173 0.005493 
0.018216 0.013573 0.011742 0.007832 0.005217 
0.016355 0.01468 0.011176 0.008938 0.004669 
0.018977 0.019401 0.01569 0.010934 0.006132 
0.022149 0.020964 0.01273 0.008971 0.005413 
0.018448 0.01802 0.014893 0.009746 0.006326 
0.020381 0.017718 0.015639 0.009521 0.004587 
0.022176 0.0158 0.015106 0.009864 0.006382 
0.022128 0.017536 0.011645 0.009469 0.005748 
0.019023 0.018338 0.013372 0.007776 0.004998 
0.017166 0.016449 0.013326 0.009267 0.004892 
